-0.3129457582545448 -0.4391624953005291 6.193349169787568
-0.23205895744207825 0.20920342352516622 7.306249607508755
-0.6309111161889237 -0.0638240484979586 7.366503676135968
0.2703239751577958 -0.09074812855663991 6.33608016675798
-0.21451158529289427 -0.11181431389796487 5.448222799163322
-0.15084597396010363 -0.34197635434802093 5.727154983191251
0.4961880832399249 -0.3621843790811351 6.920932166595163
-0.44429802435986543 0.28884365751038404 6.388770530608744
0.3679576823832457 0.3370698700830858 7.30475408163396
0.21590555054292915 0.029850269631882347 5.7405478192843455
0.1428548179463355 -0.47880667660222154 7.436040155116533
-0.08034852009496202 0.410919409479968 6.337917827776533
-0.2608703916538961 0.6059569732854022 7.433759347844262
-0.12630378970587824 0.08182676032194283 7.132917181761973
